0 , {0} , 9 , 11 , 0 , 0 , 11
0 , {1} , 10 , 6 , 0 , 0 , 6
0 , {2} , 11 , 11 , 0 , 0 , 11
0 , {3} , 12 , 21 , 0 , 0 , 21
0 , 0 , 0 , 20 , 0
20 , {0} , 9 , 101 , 0 , 0 , 101
20 , {1} , 10 , 86 , 0 , 0 , 86
20 , {2} , 11 , 41 , 0 , 0 , 41
20 , {3} , 12 , 161 , 0 , 0 , 161
20 , 0 , 0 , 20 , 0
40 , {0} , 9 , 461 , 0 , 0 , 461
40 , {1} , 10 , 106 , 0 , 0 , 106
40 , {2} , 11 , 91 , 0 , 0 , 91
40 , {3} , 12 , 281 , 0 , 0 , 281
40 , 0 , 0 , 20 , 0
60 , {0} , 9 , 541 , 0 , 0 , 541
60 , {1} , 10 , 26 , 1 , 0 , 126
60 , {2} , 11 , 171 , 0 , 0 , 171
60 , {3} , 12 , 321 , 0 , 0 , 321
60 , 0 , 0 , 50 , 0
80 , {0} , 9 , 741 , 0 , 0 , 741
80 , {1} , 10 , 126 , 1 , 0 , 226
80 , {2} , 11 , 581 , 0 , 0 , 581
80 , {3} , 12 , 351 , 0 , 0 , 351
80 , 0 , 0 , 50 , 0
100 , {0} , 9 , 771 , 0 , 0 , 771
100 , {1} , 10 , 356 , 1 , 0 , 456
100 , {2} , 11 , 811 , 0 , 0 , 811
100 , {3} , 12 , 111 , 1 , 0 , 211
100 , 0 , 0 , 80 , 0
120 , {0} , 9 , 891 , 0 , 0 , 891
120 , {1} , 10 , 401 , 1 , 1 , 526
120 , {2} , 11 , 761 , 0 , 0 , 761
120 , {3} , 12 , 161 , 1 , 0 , 261
120 , 0 , 0 , 80 , 0
140 , {0} , 9 , 921 , 0 , 0 , 921
140 , {1} , 10 , 711 , 1 , 2 , 861
140 , {2} , 11 , 1141 , 0 , 0 , 1141
140 , {3} , 12 , 561 , 1 , 0 , 661
140 , 0 , 0 , 80 , 0
160 , {0} , 9 , 1021 , 0 , 0 , 1021
160 , {1} , 10 , 991 , 1 , 3 , 1166
160 , {2} , 11 , 1351 , 0 , 0 , 1351
160 , {3} , 12 , 861 , 1 , 0 , 961
160 , 0 , 0 , 80 , 0
180 , {0} , 9 , 1211 , 0 , 0 , 1211
180 , {1} , 10 , 1576 , 1 , 3 , 1751
180 , {2} , 11 , 1641 , 0 , 0 , 1641
180 , {3} , 12 , 1001 , 1 , 0 , 1101
180 , 0 , 0 , 80 , 0
200 , {0} , 9 , 691 , 0 , 0 , 691
200 , {1} , 10 , 2661 , 1 , 3 , 2836
200 , {2} , 11 , 1391 , 1 , 0 , 1491
200 , {3} , 12 , 1031 , 1 , 0 , 1131
200 , 0 , 0 , 110 , 0
220 , {0} , 9 , 821 , 0 , 0 , 821
220 , {1} , 10 , 4761 , 1 , 3 , 4936
220 , {2} , 11 , 1601 , 1 , 0 , 1701
220 , {3} , 12 , 1161 , 1 , 0 , 1261
220 , 0 , 0 , 110 , 0
240 , {0} , 9 , 181 , 1 , 0 , 281
240 , {1} , 10 , 5521 , 1 , 3 , 5696
240 , {2} , 11 , 1791 , 1 , 1 , 1916
240 , {3} , 12 , 1351 , 1 , 0 , 1451
240 , 0 , 0 , 133 , 0
260 , {0} , 9 , 481 , 1 , 0 , 581
260 , {1} , 10 , 5621 , 1 , 3 , 5796
260 , {2} , 11 , 2306 , 1 , 1 , 2431
260 , {3} , 12 , 1651 , 1 , 0 , 1751
260 , 0 , 0 , 140 , 0
280 , {0} , 9 , 731 , 1 , 0 , 831
280 , {1} , 10 , 5901 , 1 , 3 , 6076
280 , {2} , 11 , 2936 , 1 , 1 , 3061
280 , {3} , 12 , 2071 , 1 , 0 , 2171
280 , 0 , 0 , 140 , 0
300 , {0} , 9 , 811 , 1 , 0 , 911
300 , {1} , 10 , 6151 , 1 , 3 , 6326
300 , {2} , 11 , 3991 , 1 , 1 , 4116
300 , {3} , 12 , 2471 , 1 , 0 , 2571
300 , 0 , 0 , 140 , 1
320 , {0} , 9 , 881 , 1 , 0 , 981
320 , {1} , 10 , 6231 , 1 , 3 , 6406
320 , {2} , 11 , 4436 , 1 , 1 , 4561
320 , {3} , 12 , 2841 , 1 , 0 , 2941
320 , 0 , 0 , 140 , 1
340 , {0} , 9 , 1121 , 1 , 0 , 1221
340 , {1} , 10 , 6381 , 1 , 3 , 6556
340 , {2} , 11 , 4701 , 1 , 1 , 4826
340 , {3} , 12 , 2961 , 1 , 0 , 3061
340 , 0 , 0 , 140 , 1
360 , {0} , 9 , 1651 , 1 , 0 , 1751
360 , {1} , 10 , 6471 , 1 , 3 , 6646
360 , {2} , 11 , 5351 , 1 , 1 , 5476
360 , {3} , 12 , 3211 , 1 , 0 , 3311
360 , 0 , 0 , 140 , 1
380 , {0} , 9 , 1901 , 1 , 1 , 2026
380 , {1} , 10 , 6491 , 1 , 3 , 6666
380 , {2} , 11 , 6291 , 1 , 1 , 6416
380 , {3} , 12 , 3501 , 1 , 0 , 3601
380 , 0 , 0 , 140 , 1
400 , {0} , 9 , 2391 , 1 , 1 , 2516
400 , {1} , 10 , 6511 , 1 , 3 , 6686
400 , {2} , 11 , 7491 , 1 , 1 , 7616
400 , {3} , 12 , 3551 , 1 , 0 , 3651
400 , 0 , 0 , 140 , 1
420 , {0} , 9 , 2741 , 1 , 1 , 2866
420 , {1} , 10 , 6671 , 1 , 3 , 6846
420 , {2} , 11 , 8371 , 1 , 1 , 8496
420 , {3} , 12 , 3571 , 1 , 0 , 3671
420 , 0 , 0 , 140 , 1
440 , {0} , 9 , 3181 , 1 , 1 , 3306
440 , {1} , 10 , 6871 , 1 , 3 , 7046
440 , {2} , 11 , 9106 , 1 , 1 , 9231
440 , {3} , 12 , 3591 , 1 , 0 , 3691
440 , 0 , 0 , 140 , 3
460 , {0} , 9 , 3821 , 1 , 1 , 3946
460 , {1} , 10 , 7091 , 1 , 3 , 7266
460 , {2} , 11 , 9791 , 1 , 1 , 9916
460 , {3} , 12 , 3801 , 1 , 0 , 3901
460 , 0 , 0 , 140 , 4
480 , {0} , 9 , 4321 , 1 , 1 , 4446
480 , {1} , 10 , 7191 , 1 , 3 , 7366
480 , {2} , 11 , 10021 , 1 , 1 , 10146
480 , {3} , 12 , 3961 , 1 , 0 , 4061
480 , 0 , 0 , 140 , 4
500 , {0} , 9 , 4616 , 1 , 2 , 4766
500 , {1} , 10 , 7351 , 1 , 3 , 7526
500 , {2} , 11 , 10146 , 1 , 1 , 10271
500 , {3} , 12 , 4431 , 1 , 1 , 4556
500 , 0 , 0 , 140 , 5
520 , {0} , 9 , 6256 , 1 , 2 , 6406
520 , {1} , 10 , 7661 , 1 , 3 , 7836
520 , {2} , 11 , 10481 , 1 , 1 , 10606
520 , {3} , 12 , 5481 , 1 , 1 , 5606
520 , 0 , 0 , 140 , 6
540 , {0} , 9 , 8136 , 1 , 2 , 8286
540 , {1} , 10 , 7921 , 1 , 3 , 8096
540 , {2} , 11 , 10881 , 1 , 1 , 11006
540 , {3} , 12 , 6501 , 1 , 1 , 6626
540 , 0 , 0 , 141 , 5
560 , {0} , 9 , 9306 , 1 , 2 , 9456
560 , {1} , 10 , 8201 , 1 , 3 , 8376
560 , {2} , 11 , 11281 , 1 , 1 , 11406
560 , {3} , 12 , 7366 , 1 , 1 , 7491
560 , 0 , 0 , 141 , 5
580 , {0} , 9 , 10356 , 1 , 2 , 10506
580 , {1} , 10 , 8241 , 1 , 3 , 8416
580 , {2} , 11 , 11826 , 1 , 1 , 11951
580 , {3} , 12 , 8386 , 1 , 2 , 8536
580 , 0 , 0 , 141 , 5
600 , {0} , 9 , 11176 , 1 , 2 , 11326
600 , {1} , 10 , 8411 , 1 , 3 , 8586
600 , {2} , 11 , 12681 , 1 , 1 , 12806
600 , {3} , 12 , 8926 , 1 , 2 , 9076
600 , 0 , 0 , 141 , 5
620 , {0} , 9 , 11956 , 1 , 2 , 12106
620 , {1} , 10 , 8431 , 1 , 3 , 8606
620 , {2} , 11 , 12941 , 1 , 1 , 13066
620 , {3} , 12 , 9246 , 1 , 2 , 9396
620 , 0 , 0 , 141 , 5
640 , {0} , 9 , 13206 , 1 , 2 , 13356
640 , {1} , 10 , 8491 , 1 , 3 , 8666
640 , {2} , 11 , 13551 , 1 , 1 , 13676
640 , {3} , 12 , 10156 , 1 , 3 , 10331
640 , 0 , 0 , 141 , 5
660 , {0} , 9 , 14561 , 1 , 2 , 14711
660 , {1} , 10 , 8671 , 1 , 3 , 8846
660 , {2} , 11 , 14096 , 1 , 1 , 14221
660 , {3} , 12 , 11566 , 1 , 3 , 11741
660 , 0 , 0 , 141 , 5
680 , {0} , 9 , 15501 , 1 , 2 , 15651
680 , {1} , 10 , 8791 , 1 , 3 , 8966
680 , {2} , 11 , 15166 , 1 , 1 , 15291
680 , {3} , 12 , 12316 , 1 , 3 , 12491
680 , 0 , 0 , 141 , 5
700 , {0} , 9 , 16591 , 1 , 3 , 16766
700 , {1} , 10 , 8861 , 1 , 3 , 9036
700 , {2} , 11 , 16121 , 1 , 1 , 16246
700 , {3} , 12 , 13116 , 1 , 3 , 13291
700 , 0 , 0 , 141 , 6
720 , {0} , 9 , 17796 , 1 , 3 , 17971
720 , {1} , 10 , 8981 , 1 , 3 , 9156
720 , {2} , 11 , 16996 , 1 , 1 , 17121
720 , {3} , 12 , 14086 , 1 , 3 , 14261
720 , 0 , 0 , 142 , 5
740 , {0} , 9 , 18671 , 1 , 3 , 18846
740 , {1} , 10 , 9031 , 1 , 3 , 9206
740 , {2} , 11 , 17581 , 1 , 1 , 17706
740 , {3} , 12 , 15136 , 1 , 3 , 15311
740 , 0 , 0 , 142 , 5
760 , {0} , 9 , 19566 , 1 , 3 , 19741
760 , {1} , 10 , 9071 , 1 , 3 , 9246
760 , {2} , 11 , 18216 , 1 , 1 , 18341
760 , {3} , 12 , 15766 , 1 , 3 , 15941
760 , 0 , 0 , 142 , 5
780 , {0} , 9 , 20081 , 1 , 3 , 20256
780 , {1} , 10 , 9161 , 1 , 3 , 9336
780 , {2} , 11 , 19071 , 1 , 1 , 19196
780 , {3} , 12 , 16416 , 1 , 3 , 16591
780 , 0 , 0 , 142 , 5
800 , {0} , 9 , 20946 , 1 , 3 , 21121
800 , {1} , 10 , 9261 , 1 , 3 , 9436
800 , {2} , 11 , 20411 , 1 , 1 , 20536
800 , {3} , 12 , 16796 , 1 , 3 , 16971
800 , 0 , 0 , 143 , 4
820 , {0} , 9 , 21781 , 1 , 3 , 21956
820 , {1} , 10 , 9281 , 1 , 3 , 9456
820 , {2} , 11 , 21461 , 1 , 1 , 21586
820 , {3} , 12 , 17556 , 1 , 3 , 17731
820 , 0 , 0 , 143 , 6
840 , {0} , 9 , 22436 , 1 , 3 , 22611
840 , {1} , 10 , 9331 , 1 , 3 , 9506
840 , {2} , 11 , 21886 , 1 , 1 , 22011
840 , {3} , 12 , 18166 , 1 , 4 , 18366
840 , 0 , 0 , 123 , 6
860 , {0} , 9 , 23041 , 1 , 3 , 23216
860 , {1} , 10 , 9351 , 1 , 3 , 9526
860 , {2} , 11 , 22536 , 1 , 1 , 22661
860 , {3} , 12 , 18616 , 1 , 4 , 18816
860 , 0 , 0 , 124 , 5
880 , {0} , 9 , 23556 , 1 , 3 , 23731
880 , {1} , 10 , 9371 , 1 , 3 , 9546
880 , {2} , 11 , 22856 , 1 , 1 , 22981
880 , {3} , 12 , 19566 , 1 , 5 , 19791
880 , 0 , 0 , 124 , 5
900 , {0} , 9 , 24016 , 1 , 3 , 24191
900 , {1} , 10 , 9391 , 1 , 3 , 9566
900 , {2} , 11 , 23116 , 1 , 1 , 23241
900 , {3} , 12 , 20396 , 1 , 5 , 20621
900 , 0 , 0 , 124 , 5
920 , {0} , 9 , 24791 , 1 , 3 , 24966
920 , {1} , 10 , 9411 , 1 , 3 , 9586
920 , {2} , 11 , 23151 , 1 , 1 , 23276
920 , {3} , 12 , 21491 , 1 , 5 , 21716
920 , 0 , 0 , 124 , 5
940 , {0} , 9 , 26116 , 1 , 3 , 26291
940 , {1} , 10 , 9431 , 1 , 3 , 9606
940 , {2} , 11 , 23216 , 1 , 1 , 23341
940 , {3} , 12 , 22646 , 1 , 5 , 22871
940 , 0 , 0 , 124 , 5
960 , {0} , 9 , 27066 , 1 , 3 , 27241
960 , {1} , 10 , 9451 , 1 , 3 , 9626
960 , {2} , 11 , 23536 , 1 , 1 , 23661
960 , {3} , 12 , 23476 , 1 , 5 , 23701
960 , 0 , 0 , 124 , 5
980 , {0} , 9 , 27731 , 1 , 3 , 27906
980 , {1} , 10 , 9471 , 1 , 3 , 9646
980 , {2} , 11 , 23991 , 1 , 1 , 24116
980 , {3} , 12 , 24801 , 1 , 5 , 25026
980 , 0 , 0 , 124 , 5
1000 , {0} , 9 , 27886 , 1 , 3 , 28061
1000 , {1} , 10 , 10126 , 1 , 4 , 10326
1000 , {2} , 11 , 24386 , 1 , 1 , 24511
1000 , {3} , 12 , 25931 , 1 , 5 , 26156
1000 , 0 , 0 , 124 , 5
1020 , {0} , 9 , 28326 , 1 , 4 , 28526
1020 , {1} , 10 , 10986 , 1 , 4 , 11186
1020 , {2} , 11 , 24976 , 1 , 1 , 25101
1020 , {3} , 12 , 26721 , 1 , 5 , 26946
1020 , 0 , 0 , 124 , 5
1040 , {0} , 9 , 28826 , 1 , 4 , 29026
1040 , {1} , 10 , 11391 , 1 , 5 , 11616
1040 , {2} , 11 , 25341 , 1 , 1 , 25466
1040 , {3} , 12 , 28406 , 1 , 5 , 28631
1040 , 0 , 0 , 124 , 5
1060 , {0} , 9 , 29386 , 1 , 4 , 29586
1060 , {1} , 10 , 12256 , 1 , 5 , 12481
1060 , {2} , 11 , 25841 , 1 , 1 , 25966
1060 , {3} , 12 , 29691 , 1 , 5 , 29916
1060 , 0 , 0 , 124 , 5
1080 , {0} , 9 , 30106 , 1 , 4 , 30306
1080 , {1} , 10 , 11986 , 2 , 5 , 12311
1080 , {2} , 11 , 26611 , 1 , 1 , 26736
1080 , {3} , 12 , 30996 , 1 , 5 , 31221
1080 , 0 , 0 , 140 , 5
1100 , {0} , 9 , 30626 , 1 , 4 , 30826
1100 , {1} , 10 , 12836 , 2 , 5 , 13161
1100 , {2} , 11 , 26991 , 1 , 1 , 27116
1100 , {3} , 12 , 32121 , 1 , 5 , 32346
1100 , 0 , 0 , 154 , 5
1120 , {0} , 9 , 31086 , 1 , 5 , 31311
1120 , {1} , 10 , 13726 , 2 , 5 , 14051
1120 , {2} , 11 , 27386 , 1 , 1 , 27511
1120 , {3} , 12 , 33771 , 1 , 5 , 33996
1120 , 0 , 0 , 154 , 5
1140 , {0} , 9 , 31296 , 2 , 5 , 31621
1140 , {1} , 10 , 14586 , 2 , 5 , 14911
1140 , {2} , 11 , 28141 , 1 , 1 , 28266
1140 , {3} , 12 , 34871 , 1 , 5 , 35096
1140 , 0 , 0 , 159 , 4
1160 , {0} , 9 , 32271 , 2 , 5 , 32596
1160 , {1} , 10 , 15511 , 2 , 5 , 15836
1160 , {2} , 11 , 28461 , 1 , 1 , 28586
1160 , {3} , 12 , 35421 , 1 , 5 , 35646
1160 , 0 , 0 , 182 , 4
1180 , {0} , 9 , 33456 , 2 , 6 , 33806
1180 , {1} , 10 , 16641 , 2 , 5 , 16966
1180 , {2} , 11 , 28856 , 1 , 1 , 28981
1180 , {3} , 12 , 37176 , 1 , 5 , 37401
1180 , 0 , 0 , 187 , 4
1200 , {0} , 9 , 34806 , 2 , 6 , 35156
1200 , {1} , 10 , 17716 , 2 , 5 , 18041
1200 , {2} , 11 , 29431 , 1 , 1 , 29556
1200 , {3} , 12 , 38661 , 1 , 5 , 38886
1200 , 0 , 0 , 187 , 4
1220 , {0} , 9 , 36756 , 2 , 6 , 37106
1220 , {1} , 10 , 18986 , 2 , 6 , 19336
1220 , {2} , 11 , 29811 , 1 , 1 , 29936
1220 , {3} , 12 , 40031 , 1 , 5 , 40256
1220 , 0 , 0 , 187 , 4
1240 , {0} , 9 , 39286 , 2 , 7 , 39661
1240 , {1} , 10 , 20696 , 2 , 7 , 21071
1240 , {2} , 11 , 30056 , 1 , 1 , 30181
1240 , {3} , 12 , 41156 , 1 , 5 , 41381
1240 , 0 , 0 , 187 , 5
1260 , {0} , 9 , 40841 , 2 , 7 , 41216
1260 , {1} , 10 , 22361 , 2 , 7 , 22736
1260 , {2} , 11 , 30646 , 1 , 1 , 30771
1260 , {3} , 12 , 41921 , 1 , 5 , 42146
1260 , 0 , 0 , 186 , 5
1280 , {0} , 9 , 42241 , 2 , 7 , 42616
1280 , {1} , 10 , 24366 , 2 , 7 , 24741
1280 , {2} , 11 , 31266 , 1 , 1 , 31391
1280 , {3} , 12 , 43701 , 1 , 5 , 43926
1280 , 0 , 0 , 188 , 4
1300 , {0} , 9 , 43606 , 2 , 7 , 43981
1300 , {1} , 10 , 26406 , 2 , 7 , 26781
1300 , {2} , 11 , 31631 , 1 , 1 , 31756
1300 , {3} , 12 , 44896 , 1 , 5 , 45121
1300 , 0 , 0 , 190 , 3
1320 , {0} , 9 , 44726 , 2 , 7 , 45101
1320 , {1} , 10 , 28046 , 2 , 7 , 28421
1320 , {2} , 11 , 31906 , 1 , 1 , 32031
1320 , {3} , 12 , 45091 , 2 , 5 , 45416
1320 , 0 , 0 , 195 , 3
1340 , {0} , 9 , 45056 , 2 , 7 , 45431
1340 , {1} , 10 , 30201 , 2 , 8 , 30601
1340 , {2} , 11 , 32061 , 1 , 1 , 32186
1340 , {3} , 12 , 46261 , 2 , 5 , 46586
1340 , 0 , 0 , 206 , 2
1360 , {0} , 9 , 46586 , 2 , 7 , 46961
1360 , {1} , 10 , 32336 , 2 , 8 , 32736
1360 , {2} , 11 , 32246 , 1 , 2 , 32396
1360 , {3} , 12 , 47946 , 2 , 6 , 48296
1360 , 0 , 0 , 221 , 4
1380 , {0} , 9 , 48166 , 2 , 7 , 48541
1380 , {1} , 10 , 34566 , 2 , 8 , 34966
1380 , {2} , 11 , 32976 , 1 , 2 , 33126
1380 , {3} , 12 , 49441 , 2 , 6 , 49791
1380 , 0 , 0 , 222 , 4
1400 , {0} , 9 , 49996 , 2 , 7 , 50371
1400 , {1} , 10 , 36336 , 2 , 8 , 36736
1400 , {2} , 11 , 33706 , 1 , 2 , 33856
1400 , {3} , 12 , 50781 , 2 , 6 , 51131
1400 , 0 , 0 , 221 , 4
1420 , {0} , 9 , 51901 , 2 , 7 , 52276
1420 , {1} , 10 , 38196 , 2 , 8 , 38596
1420 , {2} , 11 , 34821 , 1 , 3 , 34996
1420 , {3} , 12 , 51721 , 2 , 6 , 52071
1420 , 0 , 0 , 218 , 4
1440 , {0} , 9 , 53281 , 2 , 7 , 53656
1440 , {1} , 10 , 40391 , 2 , 8 , 40791
1440 , {2} , 11 , 36341 , 1 , 3 , 36516
1440 , {3} , 12 , 53246 , 2 , 7 , 53621
1440 , 0 , 0 , 221 , 4
1460 , {0} , 9 , 54391 , 2 , 7 , 54766
1460 , {1} , 10 , 42741 , 2 , 8 , 43141
1460 , {2} , 11 , 37086 , 1 , 3 , 37261
1460 , {3} , 12 , 55156 , 2 , 7 , 55531
1460 , 0 , 0 , 222 , 4
1480 , {0} , 9 , 56341 , 2 , 7 , 56716
1480 , {1} , 10 , 45101 , 2 , 8 , 45501
1480 , {2} , 11 , 38336 , 1 , 3 , 38511
1480 , {3} , 12 , 56916 , 2 , 7 , 57291
1480 , 0 , 0 , 222 , 5
1500 , {0} , 9 , 58076 , 2 , 7 , 58451
1500 , {1} , 10 , 46666 , 2 , 8 , 47066
1500 , {2} , 11 , 39271 , 1 , 3 , 39446
1500 , {3} , 12 , 58791 , 2 , 7 , 59166
1500 , 0 , 0 , 221 , 5
1520 , {0} , 9 , 59761 , 2 , 7 , 60136
1520 , {1} , 10 , 48136 , 2 , 8 , 48536
1520 , {2} , 11 , 40116 , 1 , 3 , 40291
1520 , {3} , 12 , 60381 , 2 , 7 , 60756
1520 , 0 , 0 , 219 , 5
1540 , {0} , 9 , 61816 , 2 , 8 , 62216
1540 , {1} , 10 , 49306 , 2 , 8 , 49706
1540 , {2} , 11 , 40921 , 1 , 3 , 41096
1540 , {3} , 12 , 61321 , 2 , 7 , 61696
1540 , 0 , 0 , 220 , 5
1560 , {0} , 9 , 63931 , 2 , 8 , 64331
1560 , {1} , 10 , 50996 , 2 , 9 , 51421
1560 , {2} , 11 , 42041 , 1 , 3 , 42216
1560 , {3} , 12 , 62131 , 2 , 7 , 62506
1560 , 0 , 0 , 221 , 6
1580 , {0} , 9 , 65641 , 2 , 8 , 66041
1580 , {1} , 10 , 53261 , 2 , 9 , 53686
1580 , {2} , 11 , 43411 , 1 , 3 , 43586
1580 , {3} , 12 , 63196 , 2 , 7 , 63571
1580 , 0 , 0 , 222 , 6
1600 , {0} , 9 , 67551 , 2 , 8 , 67951
1600 , {1} , 10 , 54996 , 2 , 9 , 55421
1600 , {2} , 11 , 44751 , 1 , 3 , 44926
1600 , {3} , 12 , 63851 , 2 , 7 , 64226
1600 , 0 , 0 , 222 , 6
1620 , {0} , 9 , 69986 , 2 , 8 , 70386
1620 , {1} , 10 , 56996 , 2 , 9 , 57421
1620 , {2} , 11 , 46286 , 1 , 3 , 46461
1620 , {3} , 12 , 64646 , 2 , 7 , 65021
1620 , 0 , 0 , 221 , 6
1640 , {0} , 9 , 72666 , 2 , 8 , 73066
1640 , {1} , 10 , 59116 , 2 , 9 , 59541
1640 , {2} , 11 , 47646 , 1 , 3 , 47821
1640 , {3} , 12 , 65911 , 2 , 8 , 66311
1640 , 0 , 0 , 222 , 6
1660 , {0} , 9 , 74556 , 2 , 8 , 74956
1660 , {1} , 10 , 60711 , 2 , 9 , 61136
1660 , {2} , 11 , 48781 , 1 , 3 , 48956
1660 , {3} , 12 , 68041 , 2 , 8 , 68441
1660 , 0 , 0 , 223 , 5
1680 , {0} , 9 , 76401 , 2 , 8 , 76801
1680 , {1} , 10 , 62321 , 2 , 9 , 62746
1680 , {2} , 11 , 49591 , 1 , 5 , 49816
1680 , {3} , 12 , 70346 , 2 , 8 , 70746
1680 , 0 , 0 , 223 , 5
1700 , {0} , 9 , 78956 , 2 , 8 , 79356
1700 , {1} , 10 , 63651 , 2 , 9 , 64076
1700 , {2} , 11 , 49531 , 1 , 5 , 49756
1700 , {3} , 12 , 72411 , 2 , 8 , 72811
1700 , 0 , 0 , 223 , 5
1720 , {0} , 9 , 81296 , 2 , 8 , 81696
1720 , {1} , 10 , 63541 , 2 , 9 , 63966
1720 , {2} , 11 , 50711 , 1 , 5 , 50936
1720 , {3} , 12 , 74576 , 2 , 8 , 74976
1720 , 0 , 0 , 224 , 4
1740 , {0} , 9 , 83881 , 2 , 8 , 84281
1740 , {1} , 10 , 63341 , 2 , 9 , 63766
1740 , {2} , 11 , 52051 , 1 , 5 , 52276
1740 , {3} , 12 , 76771 , 2 , 9 , 77196
1740 , 0 , 0 , 206 , 4
1760 , {0} , 9 , 86626 , 2 , 8 , 87026
1760 , {1} , 10 , 60261 , 2 , 9 , 60686
1760 , {2} , 11 , 54156 , 1 , 5 , 54381
1760 , {3} , 12 , 77646 , 2 , 9 , 78071
1760 , 0 , 0 , 221 , 3
1780 , {0} , 9 , 89756 , 2 , 8 , 90156
1780 , {1} , 10 , 61541 , 2 , 9 , 61966
1780 , {2} , 11 , 56431 , 1 , 5 , 56656
1780 , {3} , 12 , 80046 , 2 , 9 , 80471
1780 , 0 , 0 , 225 , 3
1800 , {0} , 9 , 92856 , 2 , 8 , 93256
1800 , {1} , 10 , 62896 , 2 , 9 , 63321
1800 , {2} , 11 , 58251 , 1 , 5 , 58476
1800 , {3} , 12 , 82866 , 2 , 9 , 83291
1800 , 0 , 0 , 225 , 4
1820 , {0} , 9 , 95481 , 2 , 8 , 95881
1820 , {1} , 10 , 65231 , 2 , 9 , 65656
1820 , {2} , 11 , 59076 , 1 , 5 , 59301
1820 , {3} , 12 , 81741 , 2 , 9 , 82166
1820 , 0 , 0 , 223 , 4
1840 , {0} , 9 , 97411 , 2 , 8 , 97811
1840 , {1} , 10 , 64486 , 2 , 9 , 64911
1840 , {2} , 11 , 61806 , 1 , 5 , 62031
1840 , {3} , 12 , 82501 , 2 , 9 , 82926
1840 , 0 , 0 , 225 , 4
1860 , {0} , 9 , 98781 , 2 , 8 , 99181
1860 , {1} , 10 , 66121 , 2 , 9 , 66546
1860 , {2} , 11 , 63386 , 1 , 5 , 63611
1860 , {3} , 12 , 85106 , 2 , 9 , 85531
1860 , 0 , 0 , 222 , 4
1880 , {0} , 9 , 100291 , 2 , 8 , 100691
1880 , {1} , 10 , 66916 , 2 , 9 , 67341
1880 , {2} , 11 , 65046 , 1 , 5 , 65271
1880 , {3} , 12 , 87361 , 2 , 9 , 87786
1880 , 0 , 0 , 220 , 4
1900 , {0} , 9 , 102361 , 2 , 8 , 102761
1900 , {1} , 10 , 67741 , 2 , 9 , 68166
1900 , {2} , 11 , 67141 , 1 , 5 , 67366
1900 , {3} , 12 , 89471 , 2 , 9 , 89896
1900 , 0 , 0 , 223 , 4
1920 , {0} , 9 , 103736 , 2 , 8 , 104136
1920 , {1} , 10 , 69271 , 2 , 9 , 69696
1920 , {2} , 11 , 68156 , 1 , 5 , 68381
1920 , {3} , 12 , 91811 , 2 , 9 , 92236
1920 , 0 , 0 , 217 , 4
1940 , {0} , 9 , 105136 , 2 , 8 , 105536
1940 , {1} , 10 , 67891 , 2 , 9 , 68316
1940 , {2} , 11 , 66436 , 1 , 5 , 66661
1940 , {3} , 12 , 94361 , 2 , 9 , 94786
1940 , 0 , 0 , 223 , 4
1960 , {0} , 9 , 106701 , 2 , 8 , 107101
1960 , {1} , 10 , 69816 , 2 , 9 , 70241
1960 , {2} , 11 , 67641 , 1 , 5 , 67866
1960 , {3} , 12 , 96591 , 2 , 9 , 97016
1960 , 0 , 0 , 225 , 4
1980 , {0} , 9 , 108491 , 2 , 8 , 108891
1980 , {1} , 10 , 72081 , 2 , 9 , 72506
1980 , {2} , 11 , 69051 , 1 , 5 , 69276
1980 , {3} , 12 , 95831 , 2 , 9 , 96256
1980 , 0 , 0 , 224 , 4
2000 , {0} , 9 , 110366 , 2 , 8 , 110766
2000 , {1} , 10 , 74031 , 2 , 9 , 74456
2000 , {2} , 11 , 67996 , 1 , 5 , 68221
2000 , {3} , 12 , 98681 , 2 , 9 , 99106
2000 , 0 , 0 , 224 , 4
2020 , {0} , 9 , 112546 , 2 , 8 , 112946
2020 , {1} , 10 , 75406 , 2 , 9 , 75831
2020 , {2} , 11 , 70076 , 1 , 5 , 70301
2020 , {3} , 12 , 97071 , 3 , 9 , 97596
2020 , 0 , 0 , 233 , 4
2040 , {0} , 9 , 114581 , 2 , 8 , 114981
2040 , {1} , 10 , 73246 , 3 , 9 , 73771
2040 , {2} , 11 , 68776 , 2 , 5 , 69101
2040 , {3} , 12 , 97406 , 3 , 9 , 97931
2040 , 3 , 0 , 252 , 3
2060 , {0} , 9 , 115821 , 2 , 8 , 116221
2060 , {1} , 10 , 75356 , 3 , 9 , 75881
2060 , {2} , 11 , 70646 , 2 , 5 , 70971
2060 , {3} , 12 , 97851 , 3 , 10 , 98401
2060 , 5 , 0 , 285 , 3
2080 , {0} , 9 , 117216 , 2 , 8 , 117616
2080 , {1} , 10 , 77366 , 3 , 9 , 77891
2080 , {2} , 11 , 72741 , 2 , 5 , 73066
2080 , {3} , 12 , 98186 , 3 , 10 , 98736
2080 , 16 , 0 , 297 , 2
2100 , {0} , 9 , 119441 , 2 , 8 , 119841
2100 , {1} , 10 , 79346 , 3 , 9 , 79871
2100 , {2} , 11 , 74546 , 2 , 5 , 74871
2100 , {3} , 12 , 98791 , 3 , 10 , 99341
2100 , 15 , 0 , 296 , 2
2120 , {0} , 9 , 121726 , 2 , 8 , 122126
2120 , {1} , 10 , 81226 , 3 , 9 , 81751
2120 , {2} , 11 , 76001 , 2 , 5 , 76326
2120 , {3} , 12 , 99786 , 3 , 10 , 100336
2120 , 26 , 0 , 277 , 3
2140 , {0} , 9 , 120346 , 3 , 9 , 120871
2140 , {1} , 10 , 83721 , 3 , 9 , 84246
2140 , {2} , 11 , 77671 , 2 , 5 , 77996
2140 , {3} , 12 , 100421 , 3 , 10 , 100971
2140 , 16 , 0 , 282 , 3
2160 , {0} , 9 , 123586 , 3 , 9 , 124111
2160 , {1} , 10 , 85731 , 3 , 9 , 86256
2160 , {2} , 11 , 79356 , 2 , 5 , 79681
2160 , {3} , 12 , 100771 , 3 , 10 , 101321
2160 , 12 , 0 , 298 , 3
2180 , {0} , 9 , 125851 , 3 , 9 , 126376
2180 , {1} , 10 , 87866 , 3 , 9 , 88391
2180 , {2} , 11 , 81276 , 2 , 6 , 81626
2180 , {3} , 12 , 101691 , 3 , 10 , 102241
2180 , 25 , 1 , 307 , 3
2200 , {0} , 9 , 128356 , 3 , 9 , 128881
2200 , {1} , 10 , 89746 , 3 , 9 , 90271
2200 , {2} , 11 , 82621 , 2 , 6 , 82971
2200 , {3} , 12 , 102671 , 3 , 10 , 103221
2200 , 43 , 4 , 295 , 3
2220 , {0} , 9 , 130886 , 3 , 10 , 131436
2220 , {1} , 10 , 91851 , 3 , 9 , 92376
2220 , {2} , 11 , 83391 , 2 , 6 , 83741
2220 , {3} , 12 , 103086 , 3 , 11 , 103661
2220 , 25 , 5 , 319 , 3
2240 , {0} , 9 , 132991 , 3 , 10 , 133541
2240 , {1} , 10 , 94236 , 3 , 9 , 94761
2240 , {2} , 11 , 84411 , 2 , 7 , 84786
2240 , {3} , 12 , 103966 , 3 , 12 , 104566
2240 , 22 , 6 , 327 , 3
2260 , {0} , 9 , 135491 , 3 , 10 , 136041
2260 , {1} , 10 , 96451 , 3 , 9 , 96976
2260 , {2} , 11 , 85426 , 2 , 7 , 85801
2260 , {3} , 12 , 104811 , 3 , 12 , 105411
2260 , 17 , 6 , 327 , 3
2280 , {0} , 9 , 138391 , 3 , 10 , 138941
2280 , {1} , 10 , 98341 , 3 , 9 , 98866
2280 , {2} , 11 , 86221 , 2 , 8 , 86621
2280 , {3} , 12 , 106106 , 3 , 12 , 106706
2280 , 26 , 6 , 321 , 3
2300 , {0} , 9 , 141301 , 3 , 10 , 141851
2300 , {1} , 10 , 99916 , 3 , 9 , 100441
2300 , {2} , 11 , 87166 , 2 , 8 , 87566
2300 , {3} , 12 , 107191 , 3 , 12 , 107791
2300 , 35 , 6 , 310 , 3
2320 , {0} , 9 , 143796 , 3 , 10 , 144346
2320 , {1} , 10 , 102121 , 3 , 9 , 102646
2320 , {2} , 11 , 88476 , 2 , 8 , 88876
2320 , {3} , 12 , 108111 , 3 , 12 , 108711
2320 , 48 , 6 , 287 , 2
2340 , {0} , 9 , 146291 , 3 , 10 , 146841
2340 , {1} , 10 , 104071 , 3 , 9 , 104596
2340 , {2} , 11 , 89466 , 2 , 8 , 89866
2340 , {3} , 12 , 108941 , 3 , 12 , 109541
2340 , 44 , 6 , 285 , 2
2360 , {0} , 9 , 149301 , 3 , 11 , 149876
2360 , {1} , 10 , 105826 , 3 , 9 , 106351
2360 , {2} , 11 , 90951 , 2 , 8 , 91351
2360 , {3} , 12 , 110116 , 3 , 12 , 110716
2360 , 42 , 6 , 293 , 1
2380 , {0} , 9 , 152676 , 3 , 12 , 153276
2380 , {1} , 10 , 107346 , 3 , 9 , 107871
2380 , {2} , 11 , 92451 , 2 , 8 , 92851
2380 , {3} , 12 , 111236 , 3 , 13 , 111861
2380 , 20 , 6 , 290 , 1
2400 , {0} , 9 , 156276 , 3 , 12 , 156876
2400 , {1} , 10 , 108291 , 3 , 9 , 108816
2400 , {2} , 11 , 94906 , 2 , 8 , 95306
2400 , {3} , 12 , 112771 , 3 , 13 , 113396
2400 , 12 , 6 , 307 , 1
2420 , {0} , 9 , 160126 , 3 , 12 , 160726
2420 , {1} , 10 , 109041 , 3 , 9 , 109566
2420 , {2} , 11 , 96831 , 2 , 8 , 97231
2420 , {3} , 12 , 111416 , 4 , 13 , 112141
2420 , 13 , 6 , 323 , 1
2440 , {0} , 9 , 163876 , 3 , 12 , 164476
2440 , {1} , 10 , 110016 , 3 , 9 , 110541
2440 , {2} , 11 , 98891 , 2 , 8 , 99291
2440 , {3} , 12 , 113751 , 4 , 14 , 114501
2440 , 3 , 6 , 354 , 1
2460 , {0} , 9 , 167356 , 3 , 12 , 167956
2460 , {1} , 10 , 111616 , 3 , 9 , 112141
2460 , {2} , 11 , 100396 , 2 , 8 , 100796
2460 , {3} , 12 , 115841 , 4 , 14 , 116591
2460 , 0 , 6 , 380 , 1
2480 , {0} , 9 , 170706 , 3 , 12 , 171306
2480 , {1} , 10 , 113341 , 3 , 9 , 113866
2480 , {2} , 11 , 102111 , 2 , 8 , 102511
2480 , {3} , 12 , 117046 , 4 , 14 , 117796
2480 , 0 , 6 , 377 , 1
2500 , {0} , 9 , 174161 , 3 , 12 , 174761
2500 , {1} , 10 , 114466 , 3 , 9 , 114991
2500 , {2} , 11 , 103161 , 2 , 8 , 103561
2500 , {3} , 12 , 117996 , 4 , 14 , 118746
2500 , 0 , 6 , 380 , 1
2520 , {0} , 9 , 177901 , 3 , 12 , 178501
2520 , {1} , 10 , 115716 , 3 , 10 , 116266
2520 , {2} , 11 , 104581 , 2 , 8 , 104981
2520 , {3} , 12 , 119291 , 4 , 14 , 120041
2520 , 0 , 6 , 382 , 1
2540 , {0} , 9 , 181791 , 3 , 12 , 182391
2540 , {1} , 10 , 117816 , 3 , 10 , 118366
2540 , {2} , 11 , 106146 , 2 , 8 , 106546
2540 , {3} , 12 , 120976 , 4 , 14 , 121726
2540 , 0 , 6 , 380 , 1
2560 , {0} , 9 , 185246 , 3 , 12 , 185846
2560 , {1} , 10 , 119216 , 3 , 10 , 119766
2560 , {2} , 11 , 107231 , 2 , 8 , 107631
2560 , {3} , 12 , 123141 , 4 , 14 , 123891
2560 , 0 , 6 , 379 , 1
2580 , {0} , 9 , 185001 , 3 , 13 , 185626
2580 , {1} , 10 , 120186 , 3 , 10 , 120736
2580 , {2} , 11 , 108141 , 2 , 8 , 108541
2580 , {3} , 12 , 125311 , 4 , 15 , 126086
2580 , 0 , 6 , 381 , 1
2600 , {0} , 9 , 187856 , 3 , 13 , 188481
2600 , {1} , 10 , 121186 , 3 , 10 , 121736
2600 , {2} , 11 , 109016 , 2 , 8 , 109416
2600 , {3} , 12 , 126936 , 4 , 15 , 127711
2600 , 0 , 6 , 377 , 1
2620 , {0} , 9 , 187906 , 4 , 13 , 188631
2620 , {1} , 10 , 122611 , 3 , 10 , 123161
2620 , {2} , 11 , 110911 , 2 , 8 , 111311
2620 , {3} , 12 , 127681 , 4 , 16 , 128481
2620 , 0 , 6 , 385 , 1
2640 , {0} , 9 , 192501 , 4 , 13 , 193226
2640 , {1} , 10 , 124631 , 3 , 10 , 125181
2640 , {2} , 11 , 112661 , 2 , 8 , 113061
2640 , {3} , 12 , 129111 , 4 , 16 , 129911
2640 , 0 , 6 , 396 , 1
2660 , {0} , 9 , 196611 , 4 , 14 , 197361
2660 , {1} , 10 , 125701 , 3 , 10 , 126251
2660 , {2} , 11 , 114186 , 2 , 8 , 114586
2660 , {3} , 12 , 131281 , 4 , 17 , 132106
2660 , 0 , 6 , 410 , 1
2680 , {0} , 9 , 200771 , 4 , 14 , 201521
2680 , {1} , 10 , 127811 , 3 , 10 , 128361
2680 , {2} , 11 , 116331 , 2 , 8 , 116731
2680 , {3} , 12 , 129656 , 5 , 17 , 130581
2680 , 0 , 6 , 413 , 1
2700 , {0} , 9 , 205251 , 4 , 14 , 206001
2700 , {1} , 10 , 129946 , 3 , 10 , 130496
2700 , {2} , 11 , 118141 , 2 , 8 , 118541
2700 , {3} , 12 , 131326 , 5 , 17 , 132251
2700 , 0 , 6 , 420 , 1
2720 , {0} , 9 , 209151 , 4 , 14 , 209901
2720 , {1} , 10 , 131351 , 3 , 10 , 131901
2720 , {2} , 11 , 120081 , 2 , 8 , 120481
2720 , {3} , 12 , 132981 , 5 , 17 , 133906
2720 , 0 , 3 , 429 , 1
2740 , {0} , 9 , 211876 , 4 , 14 , 212626
2740 , {1} , 10 , 132846 , 3 , 10 , 133396
2740 , {2} , 11 , 121251 , 2 , 8 , 121651
2740 , {3} , 12 , 134576 , 5 , 17 , 135501
2740 , 0 , 3 , 433 , 2
2760 , {0} , 9 , 215336 , 4 , 14 , 216086
2760 , {1} , 10 , 135261 , 3 , 10 , 135811
2760 , {2} , 11 , 123056 , 2 , 8 , 123456
2760 , {3} , 12 , 136246 , 5 , 17 , 137171
2760 , 0 , 3 , 439 , 2
2780 , {0} , 9 , 218866 , 4 , 14 , 219616
2780 , {1} , 10 , 138071 , 3 , 10 , 138621
2780 , {2} , 11 , 124836 , 2 , 8 , 125236
2780 , {3} , 12 , 137331 , 5 , 17 , 138256
2780 , 0 , 3 , 440 , 2
2800 , {0} , 9 , 221601 , 4 , 15 , 222376
2800 , {1} , 10 , 140986 , 3 , 10 , 141536
2800 , {2} , 11 , 126876 , 2 , 8 , 127276
2800 , {3} , 12 , 139496 , 5 , 17 , 140421
2800 , 0 , 3 , 439 , 2
2820 , {0} , 9 , 225466 , 4 , 15 , 226241
2820 , {1} , 10 , 143316 , 3 , 10 , 143866
2820 , {2} , 11 , 128766 , 2 , 8 , 129166
2820 , {3} , 12 , 141646 , 5 , 17 , 142571
2820 , 0 , 3 , 438 , 2
2840 , {0} , 9 , 228136 , 4 , 16 , 228936
2840 , {1} , 10 , 145921 , 3 , 11 , 146496
2840 , {2} , 11 , 130676 , 2 , 8 , 131076
2840 , {3} , 12 , 143391 , 5 , 17 , 144316
2840 , 0 , 3 , 441 , 3
2860 , {0} , 9 , 227046 , 5 , 17 , 227971
2860 , {1} , 10 , 148246 , 3 , 11 , 148821
2860 , {2} , 11 , 132021 , 2 , 8 , 132421
2860 , {3} , 12 , 145001 , 5 , 17 , 145926
2860 , 0 , 3 , 438 , 3
2880 , {0} , 9 , 230781 , 5 , 17 , 231706
2880 , {1} , 10 , 150796 , 3 , 11 , 151371
2880 , {2} , 11 , 133206 , 2 , 8 , 133606
2880 , {3} , 12 , 147181 , 5 , 17 , 148106
2880 , 0 , 3 , 452 , 4
2900 , {0} , 9 , 234911 , 5 , 17 , 235836
2900 , {1} , 10 , 153116 , 3 , 11 , 153691
2900 , {2} , 11 , 134191 , 2 , 8 , 134591
2900 , {3} , 12 , 149736 , 5 , 17 , 150661
2900 , 0 , 3 , 454 , 4
2920 , {0} , 9 , 238621 , 5 , 17 , 239546
2920 , {1} , 10 , 155471 , 3 , 11 , 156046
2920 , {2} , 11 , 136636 , 2 , 8 , 137036
2920 , {3} , 12 , 151981 , 5 , 18 , 152931
2920 , 0 , 2 , 449 , 4
2940 , {0} , 9 , 242486 , 5 , 17 , 243411
2940 , {1} , 10 , 157841 , 3 , 11 , 158416
2940 , {2} , 11 , 139056 , 2 , 8 , 139456
2940 , {3} , 12 , 153801 , 5 , 18 , 154751
2940 , 0 , 2 , 461 , 5
2960 , {0} , 9 , 246501 , 5 , 17 , 247426
2960 , {1} , 10 , 160366 , 3 , 11 , 160941
2960 , {2} , 11 , 141776 , 2 , 8 , 142176
2960 , {3} , 12 , 155711 , 5 , 18 , 156661
2960 , 0 , 2 , 461 , 5
2980 , {0} , 9 , 251821 , 5 , 17 , 252746
2980 , {1} , 10 , 163096 , 3 , 11 , 163671
2980 , {2} , 11 , 144831 , 2 , 8 , 145231
2980 , {3} , 12 , 158361 , 5 , 19 , 159336
2980 , 0 , 2 , 467 , 5
3000 , {0} , 9 , 257776 , 5 , 17 , 258701
3000 , {1} , 10 , 165076 , 3 , 12 , 165676
3000 , {2} , 11 , 146956 , 2 , 8 , 147356
3000 , {3} , 12 , 159986 , 5 , 19 , 160961
3000 , 0 , 2 , 464 , 6
3020 , {0} , 9 , 262446 , 5 , 17 , 263371
3020 , {1} , 10 , 166936 , 3 , 12 , 167536
3020 , {2} , 11 , 149216 , 2 , 8 , 149616
3020 , {3} , 12 , 161686 , 5 , 19 , 162661
3020 , 0 , 0 , 452 , 6
3040 , {0} , 9 , 267086 , 5 , 17 , 268011
3040 , {1} , 10 , 168106 , 3 , 12 , 168706
3040 , {2} , 11 , 151241 , 2 , 8 , 151641
3040 , {3} , 12 , 164286 , 5 , 19 , 165261
3040 , 0 , 0 , 462 , 6
3060 , {0} , 9 , 271681 , 5 , 17 , 272606
3060 , {1} , 10 , 169436 , 3 , 12 , 170036
3060 , {2} , 11 , 153101 , 2 , 8 , 153501
3060 , {3} , 12 , 166826 , 5 , 19 , 167801
3060 , 0 , 0 , 463 , 6
3080 , {0} , 9 , 275501 , 5 , 17 , 276426
3080 , {1} , 10 , 170901 , 3 , 12 , 171501
3080 , {2} , 11 , 154661 , 2 , 8 , 155061
3080 , {3} , 12 , 169481 , 5 , 20 , 170481
3080 , 0 , 0 , 466 , 5
3100 , {0} , 9 , 281801 , 5 , 17 , 282726
3100 , {1} , 10 , 172356 , 3 , 12 , 172956
3100 , {2} , 11 , 156636 , 2 , 8 , 157036
3100 , {3} , 12 , 172156 , 5 , 20 , 173156
3100 , 0 , 0 , 462 , 5
3120 , {0} , 9 , 286136 , 5 , 18 , 287086
3120 , {1} , 10 , 173416 , 3 , 12 , 174016
3120 , {2} , 11 , 158566 , 2 , 8 , 158966
3120 , {3} , 12 , 175526 , 5 , 20 , 176526
3120 , 0 , 0 , 467 , 5
3140 , {0} , 9 , 291396 , 5 , 18 , 292346
3140 , {1} , 10 , 174801 , 3 , 12 , 175401
3140 , {2} , 11 , 159741 , 2 , 8 , 160141
3140 , {3} , 12 , 178526 , 5 , 20 , 179526
3140 , 0 , 0 , 470 , 5
3160 , {0} , 9 , 296811 , 5 , 18 , 297761
3160 , {1} , 10 , 177036 , 3 , 12 , 177636
3160 , {2} , 11 , 160776 , 2 , 8 , 161176
3160 , {3} , 12 , 180691 , 5 , 20 , 181691
3160 , 0 , 0 , 470 , 5
3180 , {0} , 9 , 302631 , 5 , 18 , 303581
3180 , {1} , 10 , 178776 , 3 , 12 , 179376
3180 , {2} , 11 , 162701 , 2 , 8 , 163101
3180 , {3} , 12 , 183431 , 5 , 20 , 184431
3180 , 0 , 0 , 466 , 5
3200 , {0} , 9 , 308121 , 5 , 18 , 309071
3200 , {1} , 10 , 179736 , 3 , 12 , 180336
3200 , {2} , 11 , 164296 , 2 , 8 , 164696
3200 , {3} , 12 , 185901 , 5 , 20 , 186901
3200 , 0 , 0 , 469 , 5
3220 , {0} , 9 , 312841 , 5 , 18 , 313791
3220 , {1} , 10 , 181401 , 3 , 12 , 182001
3220 , {2} , 11 , 165981 , 2 , 8 , 166381
3220 , {3} , 12 , 188376 , 5 , 21 , 189401
3220 , 0 , 0 , 468 , 5
3240 , {0} , 9 , 318911 , 5 , 18 , 319861
3240 , {1} , 10 , 183926 , 3 , 12 , 184526
3240 , {2} , 11 , 168811 , 2 , 8 , 169211
3240 , {3} , 12 , 191481 , 5 , 21 , 192506
3240 , 0 , 0 , 468 , 5
3260 , {0} , 9 , 324021 , 5 , 18 , 324971
3260 , {1} , 10 , 186056 , 3 , 12 , 186656
3260 , {2} , 11 , 171011 , 2 , 8 , 171411
3260 , {3} , 12 , 190391 , 5 , 21 , 191416
3260 , 0 , 0 , 467 , 5
3280 , {0} , 9 , 328316 , 5 , 18 , 329266
3280 , {1} , 10 , 186606 , 3 , 12 , 187206
3280 , {2} , 11 , 172871 , 2 , 8 , 173271
3280 , {3} , 12 , 188611 , 5 , 21 , 189636
3280 , 0 , 0 , 460 , 5
3300 , {0} , 9 , 331976 , 5 , 18 , 332926
3300 , {1} , 10 , 187656 , 3 , 12 , 188256
3300 , {2} , 11 , 175106 , 2 , 8 , 175506
3300 , {3} , 12 , 190791 , 5 , 21 , 191816
3300 , 0 , 0 , 450 , 7
3320 , {0} , 9 , 337286 , 5 , 18 , 338236
3320 , {1} , 10 , 189361 , 3 , 12 , 189961
3320 , {2} , 11 , 176231 , 2 , 8 , 176631
3320 , {3} , 12 , 194411 , 5 , 21 , 195436
3320 , 0 , 0 , 461 , 7
3340 , {0} , 9 , 342831 , 5 , 18 , 343781
3340 , {1} , 10 , 191036 , 3 , 12 , 191636
3340 , {2} , 11 , 177841 , 2 , 8 , 178241
3340 , {3} , 12 , 197871 , 5 , 21 , 198896
3340 , 0 , 0 , 471 , 7
3360 , {0} , 9 , 348991 , 5 , 18 , 349941
3360 , {1} , 10 , 192656 , 3 , 12 , 193256
3360 , {2} , 11 , 179851 , 2 , 8 , 180251
3360 , {3} , 12 , 201576 , 5 , 21 , 202601
3360 , 0 , 0 , 469 , 7
3380 , {0} , 9 , 353476 , 5 , 18 , 354426
3380 , {1} , 10 , 194111 , 3 , 12 , 194711
3380 , {2} , 11 , 181111 , 2 , 8 , 181511
3380 , {3} , 12 , 205406 , 5 , 21 , 206431
3380 , 0 , 0 , 472 , 6
3400 , {0} , 9 , 358041 , 5 , 18 , 358991
3400 , {1} , 10 , 195141 , 3 , 12 , 195741
3400 , {2} , 11 , 181976 , 2 , 8 , 182376
3400 , {3} , 12 , 208966 , 5 , 21 , 209991
3400 , 0 , 0 , 465 , 6
3420 , {0} , 9 , 363101 , 5 , 18 , 364051
3420 , {1} , 10 , 196336 , 3 , 12 , 196936
3420 , {2} , 11 , 183211 , 2 , 8 , 183611
3420 , {3} , 12 , 208616 , 6 , 21 , 209741
3420 , 0 , 0 , 474 , 6
3440 , {0} , 9 , 367076 , 5 , 18 , 368026
3440 , {1} , 10 , 197831 , 3 , 12 , 198431
3440 , {2} , 11 , 185171 , 2 , 8 , 185571
3440 , {3} , 12 , 211981 , 6 , 21 , 213106
3440 , 0 , 0 , 483 , 6
3460 , {0} , 9 , 372541 , 5 , 18 , 373491
3460 , {1} , 10 , 199911 , 3 , 12 , 200511
3460 , {2} , 11 , 187066 , 2 , 8 , 187466
3460 , {3} , 12 , 215951 , 6 , 21 , 217076
3460 , 0 , 0 , 486 , 6
3480 , {0} , 9 , 377211 , 5 , 18 , 378161
3480 , {1} , 10 , 202811 , 3 , 12 , 203411
3480 , {2} , 11 , 189041 , 2 , 8 , 189441
3480 , {3} , 12 , 219631 , 6 , 21 , 220756
3480 , 0 , 0 , 492 , 6
3500 , {0} , 9 , 382466 , 5 , 18 , 383416
3500 , {1} , 10 , 205016 , 3 , 12 , 205616
3500 , {2} , 11 , 191691 , 2 , 8 , 192091
3500 , {3} , 12 , 223196 , 6 , 21 , 224321
3500 , 0 , 0 , 486 , 6
3520 , {0} , 9 , 386846 , 5 , 18 , 387796
3520 , {1} , 10 , 206216 , 3 , 12 , 206816
3520 , {2} , 11 , 193891 , 2 , 8 , 194291
3520 , {3} , 12 , 226271 , 6 , 21 , 227396
3520 , 0 , 0 , 490 , 7
3540 , {0} , 9 , 392181 , 5 , 18 , 393131
3540 , {1} , 10 , 208026 , 3 , 12 , 208626
3540 , {2} , 11 , 195861 , 2 , 8 , 196261
3540 , {3} , 12 , 228491 , 6 , 23 , 229666
3540 , 0 , 0 , 483 , 7
3560 , {0} , 9 , 396841 , 5 , 18 , 397791
3560 , {1} , 10 , 209686 , 3 , 12 , 210286
3560 , {2} , 11 , 197736 , 2 , 9 , 198161
3560 , {3} , 12 , 230421 , 6 , 23 , 231596
3560 , 0 , 0 , 481 , 7
3580 , {0} , 9 , 400531 , 5 , 18 , 401481
3580 , {1} , 10 , 211971 , 3 , 12 , 212571
3580 , {2} , 11 , 195551 , 2 , 9 , 195976
3580 , {3} , 12 , 233336 , 6 , 23 , 234511
3580 , 0 , 0 , 478 , 7
3600 , {0} , 9 , 405766 , 5 , 18 , 406716
3600 , {1} , 10 , 214646 , 3 , 12 , 215246
3600 , {2} , 11 , 197146 , 2 , 9 , 197571
3600 , {3} , 12 , 236591 , 6 , 23 , 237766
3600 , 0 , 0 , 486 , 7
3620 , {0} , 9 , 410771 , 5 , 18 , 411721
3620 , {1} , 10 , 217446 , 3 , 12 , 218046
3620 , {2} , 11 , 199736 , 2 , 9 , 200161
3620 , {3} , 12 , 239236 , 6 , 23 , 240411
3620 , 0 , 0 , 494 , 7
3640 , {0} , 9 , 416101 , 5 , 19 , 417076
3640 , {1} , 10 , 220901 , 3 , 13 , 221526
3640 , {2} , 11 , 201531 , 2 , 9 , 201956
3640 , {3} , 12 , 243176 , 6 , 23 , 244351
3640 , 0 , 0 , 497 , 9
3660 , {0} , 9 , 421881 , 5 , 19 , 422856
3660 , {1} , 10 , 223506 , 3 , 13 , 224131
3660 , {2} , 11 , 202786 , 2 , 9 , 203211
3660 , {3} , 12 , 246526 , 6 , 23 , 247701
3660 , 0 , 0 , 503 , 9
3680 , {0} , 9 , 427061 , 5 , 20 , 428061
3680 , {1} , 10 , 225626 , 3 , 13 , 226251
3680 , {2} , 11 , 200041 , 3 , 9 , 200566
3680 , {3} , 12 , 249816 , 6 , 23 , 250991
3680 , 0 , 0 , 509 , 8
3700 , {0} , 9 , 431891 , 5 , 20 , 432891
3700 , {1} , 10 , 227521 , 3 , 13 , 228146
3700 , {2} , 11 , 201771 , 3 , 9 , 202296
3700 , {3} , 12 , 252741 , 6 , 23 , 253916
3700 , 0 , 0 , 525 , 8
3720 , {0} , 9 , 437011 , 5 , 20 , 438011
3720 , {1} , 10 , 225136 , 4 , 13 , 225861
3720 , {2} , 11 , 204441 , 3 , 9 , 204966
3720 , {3} , 12 , 255626 , 6 , 23 , 256801
3720 , 0 , 0 , 529 , 8
3740 , {0} , 9 , 441881 , 5 , 20 , 442881
3740 , {1} , 10 , 227216 , 4 , 13 , 227941
3740 , {2} , 11 , 206651 , 3 , 9 , 207176
3740 , {3} , 12 , 258236 , 6 , 23 , 259411
3740 , 0 , 0 , 541 , 8
3760 , {0} , 9 , 445966 , 5 , 21 , 446991
3760 , {1} , 10 , 229241 , 4 , 14 , 229991
3760 , {2} , 11 , 208631 , 3 , 9 , 209156
3760 , {3} , 12 , 260651 , 6 , 23 , 261826
3760 , 0 , 0 , 551 , 10
3780 , {0} , 9 , 449981 , 5 , 21 , 451006
3780 , {1} , 10 , 231771 , 4 , 14 , 232521
3780 , {2} , 11 , 210141 , 3 , 9 , 210666
3780 , {3} , 12 , 263801 , 6 , 23 , 264976
3780 , 0 , 0 , 557 , 9
3800 , {0} , 9 , 455126 , 5 , 21 , 456151
3800 , {1} , 10 , 235596 , 4 , 14 , 236346
3800 , {2} , 11 , 211816 , 3 , 9 , 212341
3800 , {3} , 12 , 267616 , 6 , 23 , 268791
3800 , 0 , 0 , 559 , 9
